gen_num,diversity_within,total,num_of_new_from_prev_1,num_of_lost_from_prev_1,num_of_inherited_from_prev_1,perc_new_from_prev_1,perc_lost_from_prev_1,perc_inherited_from_prev_1
0,0.0196750978494171,935,367,35,568.0,39.25133689839572,3.7433155080213902,60.74866310160428
1,0.0188889632256194,847,31,119,816.0,3.6599763872491144,14.049586776859504,96.34002361275088
2,0.0172075606276747,772,14,89,758.0,1.8134715025906736,11.528497409326425,98.18652849740933
3,0.0202667393724581,892,134,14,758.0,15.022421524663677,1.5695067264573992,84.97757847533633
4,0.0161715094134291,743,15,164,728.0,2.018842530282638,22.072678331090174,97.98115746971736
5,0.0165478272568276,738,23,28,715.0,3.116531165311653,3.794037940379404,96.88346883468834
6,0.0161002557984566,749,25,14,724.0,3.3377837116154874,1.8691588785046729,96.66221628838451
7,0.0164132949851869,759,26,16,733.0,3.4255599472990776,2.1080368906455864,96.57444005270092
8,0.0171942792865177,749,19,29,730.0,2.5367156208277706,3.871829105473965,97.46328437917224
9,0.0171529300097177,759,26,16,733.0,3.4255599472990776,2.1080368906455864,96.57444005270092
10,0.0173331796703929,752,22,29,730.0,2.925531914893617,3.856382978723404,97.07446808510639
11,0.0182333284904838,753,21,20,732.0,2.7888446215139444,2.6560424966799467,97.21115537848605
12,0.0195155130016219,746,25,32,721.0,3.351206434316354,4.289544235924933,96.64879356568365
13,0.0208344908050447,750,19,15,731.0,2.533333333333333,2.0,97.46666666666667
14,0.0189646049736834,681,16,85,665.0,2.3494860499265786,12.481644640234949,97.65051395007342
15,0.019047619047619,688,35,28,653.0,5.087209302325581,4.069767441860465,94.91279069767442
16,0.018905362949898,686,17,19,669.0,2.478134110787172,2.7696793002915454,97.52186588921283
17,0.0195009723097148,712,31,5,681.0,4.353932584269663,0.702247191011236,95.64606741573034
18,0.0186978208103278,701,24,35,677.0,3.4236804564907275,4.992867332382311,96.57631954350927
19,0.0179472940226171,711,30,20,681.0,4.219409282700422,2.8129395218002813,95.78059071729957
20,0.0172182195628281,705,17,23,688.0,2.4113475177304964,3.2624113475177303,97.58865248226951
21,0.0180476815289777,729,40,16,689.0,5.486968449931413,2.1947873799725652,94.51303155006859
22,0.0172172317202743,713,17,33,696.0,2.3842917251051894,4.628330995792426,97.61570827489481
23,0.0180392359852994,697,16,32,681.0,2.2955523672883786,4.591104734576757,97.70444763271162
24,0.0194045572988856,700,23,20,677.0,3.2857142857142856,2.857142857142857,96.71428571428571
25,0.0196116830796777,701,21,20,680.0,2.9957203994293864,2.8530670470756063,97.00427960057061
26,0.0194685314685314,696,20,25,676.0,2.8735632183908044,3.5919540229885056,97.1264367816092
27,0.0197379567402722,699,12,9,687.0,1.7167381974248928,1.2875536480686696,98.28326180257511
28,0.0189299509629345,691,16,24,675.0,2.3154848046309695,3.4732272069464543,97.68451519536903
29,0.0190626188019334,702,26,15,676.0,3.7037037037037037,2.1367521367521367,96.29629629629629
30,0.0182716311680034,688,15,29,673.0,2.1802325581395348,4.215116279069767,97.81976744186046
31,0.0187628420028117,694,19,13,675.0,2.7377521613832854,1.8731988472622478,97.26224783861672
32,0.0198826691327341,688,13,19,675.0,1.8895348837209303,2.761627906976744,98.11046511627907
33,0.0207512241729368,695,23,16,672.0,3.3093525179856114,2.302158273381295,96.69064748201438
34,0.0208191227497849,702,20,13,682.0,2.849002849002849,1.8518518518518519,97.15099715099716
35,0.020673835979624,694,17,25,677.0,2.4495677233429394,3.602305475504323,97.55043227665706
36,0.0192766351468896,687,22,29,665.0,3.2023289665211063,4.2212518195050945,96.79767103347889
37,0.0192424159004569,699,29,17,670.0,4.148783977110157,2.432045779685265,95.85121602288984
38,0.0190042534627549,697,22,24,675.0,3.1563845050215207,3.443328550932568,96.84361549497848
39,0.01836109260493,689,15,23,674.0,2.1770682148040637,3.3381712626995648,97.82293178519593
40,0.0201596691746596,702,26,13,676.0,3.7037037037037037,1.8518518518518519,96.29629629629629
41,0.0194326995771847,694,20,28,674.0,2.881844380403458,4.034582132564841,97.11815561959654
42,0.019191641462744,698,21,17,677.0,3.008595988538682,2.4355300859598854,96.99140401146131
43,0.0193438160600005,668,20,50,648.0,2.9940119760479043,7.485029940119761,97.0059880239521
44,0.0195603304820015,670,22,20,648.0,3.283582089552239,2.985074626865672,96.71641791044776
45,0.0187345841532023,676,24,18,652.0,3.5502958579881656,2.662721893491124,96.44970414201184
46,0.0173326175320193,678,23,21,655.0,3.392330383480826,3.0973451327433628,96.60766961651917
47,0.0168218234457284,674,14,18,660.0,2.077151335311573,2.6706231454005933,97.92284866468843
48,0.0159041723287533,632,18,60,614.0,2.848101265822785,9.49367088607595,97.15189873417721
49,0.0159051118289645,645,26,13,619.0,4.0310077519379846,2.0155038759689923,95.96899224806202
50,0.0150586545367488,629,25,41,604.0,3.97456279809221,6.518282988871224,96.02543720190779
51,0.016488668924199,633,29,25,604.0,4.581358609794629,3.949447077409163,95.41864139020537
52,0.0165467808758864,651,31,13,620.0,4.761904761904762,1.9969278033794162,95.23809523809524
53,0.0164759149792478,655,30,26,625.0,4.580152671755725,3.969465648854962,95.41984732824427
54,0.0174390699162711,654,23,24,631.0,3.5168195718654434,3.669724770642202,96.48318042813456
55,0.0177062937062937,633,21,42,612.0,3.3175355450236967,6.6350710900473935,96.6824644549763
56,0.0181690929451287,649,25,9,624.0,3.852080123266564,1.386748844375963,96.14791987673344
57,0.0161510583539051,615,27,61,588.0,4.390243902439025,9.91869918699187,95.60975609756098
58,0.017381553125876,620,30,25,590.0,4.838709677419355,4.032258064516129,95.16129032258064
59,0.0176328844790928,622,22,20,600.0,3.536977491961415,3.215434083601286,96.46302250803859
60,0.0178243552442021,631,29,20,602.0,4.595879556259905,3.1695721077654517,95.4041204437401
61,0.0167160959827446,620,23,34,597.0,3.7096774193548385,5.483870967741935,96.29032258064517
62,0.018072817663401,618,20,22,598.0,3.236245954692557,3.559870550161812,96.76375404530744
63,0.0182919792267743,634,21,5,613.0,3.312302839116719,0.7886435331230284,96.68769716088327
64,0.0174058245832507,615,22,41,593.0,3.5772357723577235,6.666666666666667,96.42276422764228
65,0.0169232448957309,620,19,14,601.0,3.064516129032258,2.2580645161290325,96.93548387096774
66,0.0190557787757031,645,37,12,608.0,5.736434108527132,1.8604651162790697,94.26356589147287
67,0.0195754149627134,651,33,27,618.0,5.0691244239631335,4.147465437788019,94.93087557603687
68,0.0182693669451919,645,30,36,615.0,4.651162790697675,5.5813953488372094,95.34883720930233
69,0.0178290508652333,646,25,24,621.0,3.869969040247678,3.7151702786377707,96.13003095975232
70,0.0170695872846266,639,17,24,622.0,2.6604068857589986,3.755868544600939,97.339593114241
71,0.017394158188382,636,27,30,609.0,4.245283018867925,4.716981132075472,95.75471698113208
72,0.0182403739276655,640,29,25,611.0,4.53125,3.90625,95.46875
73,0.0171173880943917,626,18,32,608.0,2.8753993610223643,5.111821086261981,97.12460063897764
74,0.0172308715164275,622,25,29,597.0,4.019292604501608,4.662379421221865,95.9807073954984
75,0.0167658624721011,631,27,18,604.0,4.27892234548336,2.8526148969889067,95.72107765451663
76,0.0162369663329356,626,28,33,598.0,4.472843450479234,5.271565495207668,95.52715654952077
77,0.0168012573844236,620,19,25,601.0,3.064516129032258,4.032258064516129,96.93548387096774
78,0.017456087878623,642,35,13,607.0,5.451713395638629,2.0249221183800623,94.54828660436137
79,0.0171781098760836,646,30,26,616.0,4.643962848297214,4.024767801857585,95.3560371517028
80,0.0165149103811735,633,19,32,614.0,3.0015797788309637,5.055292259083728,96.99842022116904
81,0.0166957772526456,650,30,13,620.0,4.615384615384615,2.0,95.38461538461539
82,0.0167997725569253,650,32,32,618.0,4.923076923076923,4.923076923076923,95.07692307692308
83,0.0164849295339985,641,31,40,610.0,4.83619344773791,6.240249609984399,95.16380655226209
84,0.0169787245123824,652,35,24,617.0,5.368098159509202,3.6809815950920246,94.6319018404908
85,0.0170089355698385,651,20,21,631.0,3.0721966205837172,3.225806451612903,96.92780337941629
86,0.0172285835453774,650,24,25,626.0,3.6923076923076925,3.8461538461538463,96.3076923076923
87,0.0170308152117901,661,30,19,631.0,4.53857791225416,2.8744326777609683,95.46142208774585
88,0.0168759913669813,649,19,31,630.0,2.9275808936825887,4.776579352850539,97.07241910631741
89,0.0170533673174448,649,21,21,628.0,3.235747303543914,3.235747303543914,96.76425269645608
90,0.0174628450106157,658,25,16,633.0,3.7993920972644375,2.43161094224924,96.20060790273556
91,0.0171440741135129,644,22,36,622.0,3.4161490683229814,5.590062111801243,96.58385093167702
92,0.0168165923711395,630,20,34,610.0,3.1746031746031744,5.396825396825397,96.82539682539682
93,0.0168248376666053,640,25,15,615.0,3.90625,2.34375,96.09375
94,0.0160389403127992,603,21,58,582.0,3.482587064676617,9.618573797678275,96.51741293532338
95,0.0159244051379237,605,33,31,572.0,5.454545454545454,5.12396694214876,94.54545454545455
96,0.0163262086915371,621,38,22,583.0,6.119162640901771,3.5426731078904994,93.88083735909822
97,0.0162808378994835,621,35,35,586.0,5.636070853462158,5.636070853462158,94.36392914653784
98,0.0158602429654241,611,25,35,586.0,4.091653027823241,5.728314238952537,95.90834697217676
99,0.0161489088575096,629,33,15,596.0,5.246422893481717,2.384737678855326,94.75357710651828
100,0.0158130812701147,624,22,27,602.0,3.5256410256410255,4.326923076923077,96.47435897435898
101,0.016131830008673,651,39,12,612.0,5.990783410138249,1.8433179723502304,94.00921658986175
102,0.0166780900159926,657,30,24,627.0,4.566210045662101,3.65296803652968,95.4337899543379
103,0.0167904592530599,642,27,42,615.0,4.205607476635514,6.542056074766355,95.79439252336448
104,0.0168657580382044,641,26,27,615.0,4.056162246489859,4.212168486739469,95.94383775351014
105,0.0165626685155226,645,32,28,613.0,4.961240310077519,4.341085271317829,95.03875968992249
106,0.0160900251715117,652,31,24,621.0,4.754601226993865,3.6809815950920246,95.24539877300613
107,0.0160358886658239,647,29,34,618.0,4.482225656877898,5.255023183925811,95.5177743431221
108,0.0155253399258343,628,26,45,602.0,4.140127388535032,7.165605095541402,95.85987261146497
109,0.0151518818830933,626,29,31,597.0,4.63258785942492,4.952076677316294,95.36741214057508
110,0.0150879534728512,633,30,23,603.0,4.739336492890995,3.6334913112164298,95.260663507109
111,0.0150981735699265,639,29,23,610.0,4.538341158059468,3.599374021909233,95.46165884194053
112,0.0150741725980779,629,21,31,608.0,3.338632750397456,4.92845786963434,96.66136724960255
113,0.0152780116930924,635,22,16,613.0,3.4645669291338583,2.5196850393700787,96.53543307086615
114,0.0150421324576864,623,24,36,599.0,3.852327447833066,5.778491171749598,96.14767255216694
115,0.0155700777266201,629,25,19,604.0,3.97456279809221,3.0206677265500796,96.02543720190779
116,0.0153211258556354,620,20,29,600.0,3.225806451612903,4.67741935483871,96.7741935483871
117,0.015849786685187,639,36,17,603.0,5.633802816901408,2.6604068857589986,94.36619718309859
118,0.0159583781485279,638,35,36,603.0,5.4858934169279,5.6426332288401255,94.5141065830721
119,0.0153137116242775,628,23,33,605.0,3.662420382165605,5.254777070063694,96.3375796178344
120,0.0155633440356854,635,32,25,603.0,5.039370078740157,3.937007874015748,94.96062992125984
121,0.0152896206997941,624,26,37,598.0,4.166666666666667,5.92948717948718,95.83333333333333
122,0.0146697482058143,603,26,47,577.0,4.311774461028192,7.794361525704809,95.6882255389718
123,0.0146725486850764,602,26,27,576.0,4.318936877076412,4.485049833887043,95.68106312292359
124,0.01555283720698,623,44,23,579.0,7.062600321027287,3.691813804173355,92.93739967897271
125,0.0149375796791186,621,29,31,592.0,4.669887278582931,4.99194847020934,95.33011272141707
126,0.0151683493551036,628,35,28,593.0,5.573248407643312,4.45859872611465,94.4267515923567
127,0.014779031949493,618,20,30,598.0,3.236245954692557,4.854368932038835,96.76375404530744
128,0.0156195679165631,629,38,27,591.0,6.041335453100159,4.292527821939586,93.95866454689984
129,0.0152955152955152,618,31,42,587.0,5.016181229773463,6.796116504854369,94.98381877022653
130,0.0155585932645706,626,31,23,595.0,4.952076677316294,3.6741214057507987,95.0479233226837
131,0.0165310942009971,630,31,27,599.0,4.920634920634921,4.285714285714286,95.07936507936508
132,0.014757997961066,608,23,45,585.0,3.7828947368421053,7.401315789473684,96.21710526315789
133,0.014301978084531,603,16,21,587.0,2.6533996683250414,3.482587064676617,97.34660033167496
134,0.0150675441634915,609,23,17,586.0,3.7766830870279144,2.7914614121510675,96.22331691297208
135,0.0146571653280583,615,30,24,585.0,4.878048780487805,3.902439024390244,95.1219512195122
136,0.0142346275311164,613,20,22,593.0,3.2626427406199023,3.5889070146818924,96.7373572593801
137,0.0140638802361802,605,21,29,584.0,3.4710743801652892,4.793388429752066,96.52892561983471
138,0.0149719427244582,619,34,20,585.0,5.4927302100161555,3.231017770597738,94.50726978998385
139,0.014612831594279,612,26,33,586.0,4.248366013071895,5.392156862745098,95.7516339869281
140,0.0145246798518482,600,22,34,578.0,3.6666666666666665,5.666666666666667,96.33333333333333
141,0.0144363972196568,594,31,37,563.0,5.218855218855219,6.228956228956229,94.78114478114477
142,0.0137750081994096,588,30,36,558.0,5.1020408163265305,6.122448979591836,94.89795918367346
143,0.0145363041141405,595,37,30,558.0,6.218487394957983,5.042016806722689,93.78151260504201
144,0.0143515021563802,589,32,38,557.0,5.432937181663837,6.451612903225806,94.56706281833617
145,0.0148181187431856,598,36,27,562.0,6.0200668896321075,4.51505016722408,93.9799331103679
146,0.0147705078125,605,25,18,580.0,4.132231404958677,2.975206611570248,95.86776859504133
147,0.0146486720138321,610,33,28,577.0,5.409836065573771,4.590163934426229,94.59016393442623
148,0.0141924430450083,613,29,26,584.0,4.730831973898858,4.241435562805873,95.26916802610114
149,0.0146635371548866,606,27,34,579.0,4.455445544554456,5.6105610561056105,95.54455445544555
150,0.014819524601389,606,29,29,577.0,4.785478547854786,4.785478547854786,95.21452145214522
151,0.0142763493335275,588,17,35,571.0,2.891156462585034,5.9523809523809526,97.10884353741497
152,0.0144836272040302,598,26,16,572.0,4.3478260869565215,2.6755852842809364,95.65217391304348
153,0.0145997610513739,611,33,20,578.0,5.400981996726678,3.2733224222585924,94.59901800327333
154,0.0144075061916555,605,23,29,582.0,3.8016528925619837,4.793388429752066,96.19834710743801
155,0.0141578861294769,606,21,20,585.0,3.4653465346534653,3.3003300330033003,96.53465346534654
156,0.0146208929105938,635,38,9,597.0,5.984251968503937,1.4173228346456692,94.01574803149606
157,0.0144760499746438,628,37,44,591.0,5.89171974522293,7.006369426751593,94.10828025477707
158,0.0143883203455074,613,20,35,593.0,3.2626427406199023,5.709624796084829,96.7373572593801
159,0.0144517675254643,603,22,32,581.0,3.648424543946932,5.306799336650083,96.35157545605307
160,0.013704030051477,591,21,33,570.0,3.553299492385787,5.583756345177665,96.44670050761421
161,0.0141000375375375,601,29,19,572.0,4.825291181364393,3.1613976705490847,95.17470881863561
162,0.0142823473957105,606,22,17,584.0,3.6303630363036303,2.8052805280528053,96.36963696369637
163,0.0141294653335211,602,27,31,575.0,4.485049833887043,5.149501661129568,95.51495016611295
164,0.0143891702560704,608,34,28,574.0,5.592105263157895,4.605263157894737,94.40789473684211
165,0.0142565245658029,614,30,24,584.0,4.88599348534202,3.9087947882736156,95.11400651465799
166,0.014319411021896,601,28,41,573.0,4.658901830282862,6.821963394342762,95.34109816971714
167,0.0144048877922688,613,46,34,567.0,7.504078303425775,5.5464926590538335,92.49592169657423
168,0.0143608602550972,617,27,23,590.0,4.376012965964343,3.727714748784441,95.62398703403565
169,0.0140754958413307,616,24,25,592.0,3.896103896103896,4.058441558441558,96.1038961038961
170,0.0136877468561311,603,12,25,591.0,1.9900497512437811,4.1459369817578775,98.00995024875621
171,0.0139721919302071,615,25,13,590.0,4.065040650406504,2.113821138211382,95.9349593495935
172,0.0138434091371016,613,19,21,594.0,3.099510603588907,3.4257748776508974,96.90048939641109
173,0.0137007733226051,613,21,21,592.0,3.4257748776508974,3.4257748776508974,96.5742251223491
174,0.0142268134656336,628,35,20,593.0,5.573248407643312,3.1847133757961785,94.4267515923567
175,0.0133229518124405,616,24,36,592.0,3.896103896103896,5.8441558441558445,96.1038961038961
176,0.0137390032574733,620,27,23,593.0,4.354838709677419,3.7096774193548385,95.64516129032258
177,0.0141353046594982,631,22,11,609.0,3.4865293185419968,1.7432646592709984,96.513470681458
178,0.013639813509704,629,25,27,604.0,3.97456279809221,4.292527821939586,96.02543720190779
179,0.0140505820955439,630,27,26,603.0,4.285714285714286,4.126984126984127,95.71428571428571
180,0.0142653674858137,631,24,23,607.0,3.803486529318542,3.6450079239302693,96.19651347068145
181,0.014686556152445,637,24,18,613.0,3.767660910518053,2.82574568288854,96.23233908948194
182,0.0139457129030838,634,33,36,601.0,5.205047318611987,5.678233438485805,94.79495268138801
183,0.0140113143007499,639,27,22,612.0,4.225352112676056,3.4428794992175273,95.77464788732394
184,0.0143129985394899,637,23,25,614.0,3.610675039246468,3.924646781789639,96.38932496075353
185,0.013964502279467,631,17,23,614.0,2.6941362916006337,3.6450079239302693,97.30586370839937
186,0.013689446366782,633,26,24,607.0,4.107424960505529,3.7914691943127963,95.89257503949447
187,0.0138113686606693,631,22,24,609.0,3.4865293185419968,3.803486529318542,96.513470681458
188,0.014229106628242,632,19,18,613.0,3.0063291139240507,2.848101265822785,96.99367088607595
189,0.0135870144828615,637,25,20,612.0,3.924646781789639,3.1397174254317113,96.07535321821037
190,0.0133104704747615,621,24,40,597.0,3.864734299516908,6.4412238325281805,96.13526570048309
191,0.0132168166601452,608,16,29,592.0,2.6315789473684212,4.769736842105263,97.36842105263158
192,0.0133043829959341,625,30,13,595.0,4.8,2.08,95.2
193,0.0134648919497605,610,20,35,590.0,3.278688524590164,5.737704918032787,96.72131147540983
194,0.0141143260409315,620,21,11,599.0,3.3870967741935485,1.7741935483870968,96.61290322580645
195,0.0140098705906434,616,19,23,597.0,3.0844155844155843,3.7337662337662336,96.91558441558442
196,0.0140208257215929,614,27,29,587.0,4.397394136807818,4.723127035830619,95.60260586319218
197,0.0139263761936083,614,36,36,578.0,5.863192182410423,5.863192182410423,94.13680781758957
198,0.014033551479399,609,29,34,580.0,4.761904761904762,5.582922824302135,95.23809523809524
199,0.0147455321991839,618,40,31,578.0,6.472491909385114,5.016181229773463,93.52750809061489
200,0.0138904885858422,0,0,0,,,,
