gen_num,diversity_within,total,num_of_new_from_prev_1,num_of_lost_from_prev_1,num_of_inherited_from_prev_1,perc_new_from_prev_1,perc_lost_from_prev_1,perc_inherited_from_prev_1
0,0.0374134364601133,416,160,28,256.0,38.46153846153846,6.730769230769231,61.53846153846154
1,0.0396250927988121,427,17,6,410.0,3.981264637002342,1.405152224824356,96.01873536299766
2,0.0363652689234084,405,3,25,402.0,0.7407407407407407,6.172839506172839,99.25925925925925
3,0.0377669902912621,389,2,18,387.0,0.5141388174807198,4.627249357326479,99.48586118251929
4,0.0327320066951831,352,14,51,338.0,3.977272727272727,14.488636363636363,96.02272727272727
5,0.0338656917452376,352,20,20,332.0,5.681818181818182,5.681818181818182,94.31818181818181
6,0.0280883556040359,309,5,48,304.0,1.6181229773462784,15.533980582524272,98.38187702265373
7,0.0269433520207514,322,20,7,302.0,6.211180124223603,2.1739130434782608,93.7888198757764
8,0.0231651713487277,315,21,28,294.0,6.666666666666667,8.88888888888889,93.33333333333333
9,0.0252568493150684,295,17,37,278.0,5.762711864406779,12.542372881355933,94.23728813559322
10,0.0209178894786138,268,10,37,258.0,3.7313432835820897,13.805970149253731,96.26865671641791
11,0.0238892806770098,271,12,9,259.0,4.428044280442805,3.321033210332103,95.5719557195572
12,0.0242301458670988,299,44,16,255.0,14.715719063545151,5.351170568561873,85.28428093645485
13,0.026000714796283,291,5,13,286.0,1.7182130584192439,4.4673539518900345,98.28178694158076
14,0.028335860500379,299,22,14,277.0,7.357859531772576,4.682274247491639,92.64214046822742
15,0.0254301941171484,300,6,5,294.0,2.0,1.6666666666666667,98.0
16,0.0288366225105884,320,30,10,290.0,9.375,3.125,90.625
17,0.0297804165488643,316,4,8,312.0,1.2658227848101267,2.5316455696202533,98.73417721518987
18,0.0241606526513962,308,5,13,303.0,1.6233766233766234,4.220779220779221,98.37662337662337
19,0.0266935060388587,305,9,12,296.0,2.9508196721311477,3.9344262295081966,97.04918032786885
20,0.0233268743478908,313,20,12,293.0,6.389776357827476,3.8338658146964857,93.61022364217253
21,0.0269737431669504,301,11,23,290.0,3.654485049833887,7.641196013289036,96.34551495016612
22,0.0252929769833909,300,13,14,287.0,4.333333333333333,4.666666666666667,95.66666666666667
23,0.0250845779354732,304,8,4,296.0,2.6315789473684212,1.3157894736842106,97.36842105263158
24,0.0259914678464212,329,34,9,295.0,10.33434650455927,2.735562310030395,89.66565349544074
25,0.0257989088074824,331,6,4,325.0,1.8126888217522659,1.2084592145015105,98.18731117824774
26,0.0268586683925248,332,7,6,325.0,2.108433734939759,1.8072289156626506,97.89156626506023
27,0.0280102476515798,328,7,11,321.0,2.1341463414634148,3.3536585365853657,97.86585365853658
28,0.0250935505172793,342,23,9,319.0,6.7251461988304095,2.6315789473684212,93.27485380116958
29,0.0277455689912208,335,6,13,329.0,1.791044776119403,3.8805970149253732,98.2089552238806
30,0.0264237261397696,335,7,7,328.0,2.08955223880597,2.08955223880597,97.91044776119404
31,0.026416946102887,323,5,17,318.0,1.5479876160990713,5.2631578947368425,98.45201238390094
32,0.0257048092868988,341,21,3,320.0,6.158357771260997,0.8797653958944281,93.841642228739
33,0.0275342128984675,336,4,9,332.0,1.1904761904761905,2.6785714285714284,98.80952380952381
34,0.0266733769501761,318,8,26,310.0,2.5157232704402515,8.176100628930818,97.48427672955975
35,0.0275850104094378,318,6,6,312.0,1.8867924528301887,1.8867924528301887,98.11320754716981
36,0.026734512559567,331,20,7,311.0,6.042296072507553,2.1148036253776437,93.95770392749245
37,0.0291745945456192,322,6,15,316.0,1.8633540372670807,4.658385093167702,98.13664596273291
38,0.0278142219889792,318,8,12,310.0,2.5157232704402515,3.7735849056603774,97.48427672955975
39,0.0264455782312925,311,10,17,301.0,3.215434083601286,5.466237942122186,96.78456591639872
40,0.0265815625757453,329,30,12,299.0,9.118541033434651,3.6474164133738602,90.88145896656535
41,0.0237242986764338,285,3,47,282.0,1.0526315789473684,16.49122807017544,98.94736842105263
42,0.0268765598003455,280,8,13,272.0,2.857142857142857,4.642857142857143,97.14285714285714
43,0.0283253787092757,273,4,11,269.0,1.465201465201465,4.029304029304029,98.53479853479854
44,0.0286496528796323,293,23,3,270.0,7.849829351535837,1.023890784982935,92.15017064846417
45,0.0337014687464419,296,10,7,286.0,3.3783783783783785,2.364864864864865,96.62162162162163
46,0.0285989407799711,297,8,7,289.0,2.6936026936026938,2.356902356902357,97.3063973063973
47,0.0312597686777117,300,11,8,289.0,3.6666666666666665,2.6666666666666665,96.33333333333333
48,0.0253140096618357,262,12,50,250.0,4.580152671755725,19.083969465648856,95.41984732824427
49,0.0257392671185774,262,10,10,252.0,3.816793893129771,3.816793893129771,96.18320610687023
50,0.0244038229562958,263,8,7,255.0,3.041825095057034,2.661596958174905,96.95817490494296
51,0.0226780922704059,262,12,13,250.0,4.580152671755725,4.961832061068702,95.41984732824427
52,0.0234040768391913,279,27,10,252.0,9.67741935483871,3.5842293906810037,90.3225806451613
53,0.0233126691696498,267,9,21,258.0,3.3707865168539324,7.865168539325842,96.62921348314607
54,0.0251636095492672,273,13,7,260.0,4.761904761904762,2.5641025641025643,95.23809523809524
55,0.0231744643637953,265,8,16,257.0,3.018867924528302,6.037735849056604,96.98113207547169
56,0.0239267513172669,277,22,10,255.0,7.9422382671480145,3.6101083032490973,92.05776173285199
57,0.0249478277366723,263,7,21,256.0,2.661596958174905,7.984790874524715,97.33840304182509
58,0.0237231123307072,268,11,6,257.0,4.104477611940299,2.2388059701492535,95.8955223880597
59,0.0249120207445823,269,8,7,261.0,2.973977695167286,2.6022304832713754,97.02602230483271
60,0.0228371395232538,274,22,17,252.0,8.02919708029197,6.204379562043796,91.97080291970804
61,0.0255471110704147,279,12,7,267.0,4.301075268817204,2.5089605734767026,95.6989247311828
62,0.0260107160253287,267,9,21,258.0,3.3707865168539324,7.865168539325842,96.62921348314607
63,0.023498920086393,272,11,6,261.0,4.044117647058823,2.2058823529411766,95.95588235294117
64,0.0216289019172872,273,16,15,257.0,5.86080586080586,5.4945054945054945,94.13919413919415
65,0.0267945422187067,271,6,8,265.0,2.2140221402214024,2.952029520295203,97.7859778597786
66,0.0225815711415175,236,8,43,228.0,3.389830508474576,18.220338983050848,96.61016949152543
67,0.0217549608592754,239,12,9,227.0,5.02092050209205,3.7656903765690375,94.97907949790795
68,0.0212236776653954,256,29,12,227.0,11.328125,4.6875,88.671875
69,0.023662075977447,256,8,8,248.0,3.125,3.125,96.875
70,0.0225957564067236,246,9,19,237.0,3.658536585365854,7.723577235772358,96.34146341463415
71,0.0231573001976842,246,9,9,237.0,3.658536585365854,3.658536585365854,96.34146341463415
72,0.021859789941081,256,22,12,234.0,8.59375,4.6875,91.40625
73,0.0222659393722614,249,10,17,239.0,4.016064257028113,6.827309236947791,95.9839357429719
74,0.0219482336481287,251,9,7,242.0,3.585657370517928,2.7888446215139444,96.41434262948208
75,0.0228862047043865,252,12,11,240.0,4.761904761904762,4.365079365079365,95.23809523809524
76,0.0227521698828684,270,23,5,247.0,8.518518518518519,1.8518518518518519,91.48148148148148
77,0.0244592497946518,268,12,14,256.0,4.477611940298507,5.223880597014926,95.5223880597015
78,0.023292747485442,264,7,11,257.0,2.6515151515151514,4.166666666666667,97.34848484848484
79,0.0239122617763394,266,11,9,255.0,4.135338345864661,3.3834586466165413,95.86466165413533
80,0.02131906739061,267,13,12,254.0,4.868913857677903,4.49438202247191,95.1310861423221
81,0.0240651279298622,269,9,7,260.0,3.345724907063197,2.6022304832713754,96.6542750929368
82,0.0213973091262765,264,12,17,252.0,4.545454545454546,6.4393939393939394,95.45454545454545
83,0.0227732348544799,259,10,15,249.0,3.861003861003861,5.7915057915057915,96.13899613899613
84,0.0210911354969258,271,24,12,247.0,8.85608856088561,4.428044280442805,91.14391143911439
85,0.0226564474016676,269,11,13,258.0,4.089219330855019,4.83271375464684,95.91078066914498
86,0.0240574506283662,268,12,13,256.0,4.477611940298507,4.850746268656716,95.5223880597015
87,0.0236907730673316,266,8,10,258.0,3.007518796992481,3.7593984962406015,96.99248120300751
88,0.021585557299843,275,19,10,256.0,6.909090909090909,3.6363636363636362,93.0909090909091
89,0.0234255644203021,276,9,8,267.0,3.260869565217391,2.898550724637681,96.73913043478261
90,0.0235707551212822,275,9,10,266.0,3.272727272727273,3.6363636363636362,96.72727272727273
91,0.0225278434019574,267,6,14,261.0,2.247191011235955,5.2434456928838955,97.75280898876404
92,0.0239658848614072,281,22,8,259.0,7.829181494661921,2.8469750889679717,92.17081850533808
93,0.0243126160374856,275,11,17,264.0,4.0,6.181818181818182,96.0
94,0.0215661308292217,271,9,13,262.0,3.321033210332103,4.797047970479705,96.6789667896679
95,0.0235097296821343,267,5,9,262.0,1.8726591760299625,3.3707865168539324,98.12734082397004
96,0.0241707379789148,282,15,0,267.0,5.319148936170213,0.0,94.68085106382979
97,0.0250742617508299,287,12,7,275.0,4.181184668989547,2.4390243902439024,95.81881533101046
98,0.0240040427861534,285,8,10,277.0,2.807017543859649,3.508771929824561,97.19298245614036
99,0.0235900904709562,279,10,16,269.0,3.5842293906810037,5.734767025089606,96.415770609319
100,0.0206786078345711,0,0,0,,,,
