subsetID,Q_peak,Qpeak_reduction,cost,floodedArea,rank,distance
_720296,159.98422241210938,4.649322509765625,36663.80829233846,37094.7410238,0,inf
_680228,159.8227996826172,4.8107452392578125,40067.33242870976,44392.01438080001,0,0.029357205171062502
_690021,158.93743896484375,5.69610595703125,40822.39628971803,25172.9303808,0,0.03331970713139
_340309,158.5990753173828,6.034469604492188,43267.423594975335,26212.783658,0,0.025417040257887227
_560140,158.132080078125,6.50146484375,48725.55155216801,28768.658294,0,0.04353377816368169
_760344,157.35043334960938,7.283111572265625,62378.1125011057,33986.11698109,0,0.04498301654811153
_780218,157.01307678222656,7.620468139648437,75770.9835578108,33689.7243708,0,0.03218198148324311
_770071,156.56890869140625,8.06463623046875,82538.70819606466,58174.71693069,0,0.03719029527907002
_670189,156.0749969482422,8.558547973632812,97579.96908139948,42535.7648269,0,0.05096709193716757
_660222,155.2879180908203,9.345626831054688,112622.3915275865,44844.6870339,0,0.06233168755750418
_770209,154.4874267578125,10.1461181640625,133478.77415515613,60863.731029,0,0.04710465918511083
_820200,154.4254608154297,10.208084106445312,154129.9984507689,76003.0466815,0,0.032773804487076966
_810129,153.73606872558594,10.897476196289062,155908.81932838584,85521.900453,0,0.03978672391282493
_410258,152.9494171142578,11.684127807617188,157319.9747544067,68387.8895757,0,0.04060581731520787
_790175,152.4453582763672,12.188186645507812,168360.69238756722,70170.1527269,0,0.04029061811695043
_510227,151.93289184570312,12.700653076171877,180936.65574354384,78219.7375752,0,0.048898377300756135
_380212,151.18521118164062,13.448333740234377,195895.33199418627,98082.5763185,0,0.05850725692982911
_750240,150.49835205078125,14.13519287109375,217004.08125032144,98594.10488949998,0,0.04437709949970629
_830340,150.30593872070312,14.327606201171877,232153.6859059431,114651.20742629997,0,0.02881947795263948
_530279,149.85693359375,14.776611328125,237549.92560723305,105736.06794909998,0,0.045884376805172405
_790081,149.0162811279297,15.617263793945312,253421.88633791247,106764.9508148,0,0.04922843154820725
_830051,148.43125915527344,16.202285766601562,258576.5509879169,102045.2686795,0,0.023516624309271508
_520231,148.22091674804688,16.412628173828125,258593.166412236,103161.7279645,0,0.025318097600544376
_720145,147.69691467285156,16.936630249023438,269342.65267830633,117920.2064044,0,0.047593034675280324
_750179,146.9327850341797,17.700759887695312,282765.7121246468,106655.41951380002,0,0.05737700947448836
_830230,146.12257385253906,18.510971069335938,297572.1825348413,114744.7409164,0,0.04581102795744846
_530120,145.77122497558594,18.862319946289062,309372.8556387973,124123.4275106,0,0.0418439504417112
_740309,145.08644104003906,19.547103881835938,322934.1797960518,112723.6512167,0,0.029126829373653816
_820089,144.98614501953125,19.64739990234375,324305.10627189744,121720.5995811,0,0.012554597593946702
_830028,144.7230987548828,19.910446166992188,328306.9347723598,134930.5182669,0,0.018172262079850135
_830312,144.47830200195312,20.155242919921875,332852.6999521769,118139.7584812,0,0.02555012016767037
_790211,143.86692810058594,20.766616821289062,334265.11298611434,121305.4929973,0,0.0293550197716231
_730109,143.60813903808594,21.025405883789062,344537.0287904408,121526.0443481,0,0.02337917037858844
_830064,143.54827880859375,21.08526611328125,359530.4594912651,128601.7677692,0,0.03165759838736392
_820189,143.03370666503906,21.599838256835938,372654.6433310455,135207.19553630002,0,0.023350854072395365
_760296,142.97900390625,21.654541015625,374064.5243167801,143587.4675647,0,0.023969649571365863
_750140,142.6026611328125,22.0308837890625,394109.7180965388,144807.78385089998,0,0.043213492820798345
_750136,142.11590576171875,22.51763916015625,409078.8143170981,134166.0470964,0,0.031049550818994506
_830127,141.99810791015625,22.63543701171875,419932.8740679859,136077.48953070003,0,0.019291510263411298
_800280,141.71983337402344,22.91371154785156,424251.08374027966,134561.8947221,0,0.027344576585384313
_830020,141.71038818359375,22.92315673828125,453106.116885417,138495.62816624998,0,0.029134245651972875
_820060,141.29150390625,23.342041015625,454404.0144970709,137808.7031926,0,0.01714473462169215
_820308,141.21920776367188,23.414337158203125,460656.5866256008,177120.94537570002,0,0.02435592871470816
_760079,140.7908172607422,23.84272766113281,473532.15693987056,182160.7097782,0,0.02723142908780512
_800069,140.48728942871094,24.146255493164062,474705.5207909072,152041.34196979998,0,0.032798430389943525
_680266,139.91831970214844,24.71522521972656,490838.91703895817,155520.23764279997,0,0.046221677793164176
_830291,139.33714294433594,25.296401977539062,502481.6092529425,170237.8195976,0,0.02386943277754574
_820321,139.26416015625,25.369384765625,502616.0580203848,163374.2810586,0,0.01779954243519447
_770336,139.1497344970703,25.483810424804688,524070.0507194891,168319.02458079997,0,0.0218940041123148
_830108,139.05615234375,25.577392578125,530130.1584631485,164109.58135049397,0,0.016014900312501846
_820018,138.68971252441406,25.943832397460938,531071.353477356,187263.9431343,0,0.012939607755941293
_830255,138.65478515625,25.978759765625,534521.678871776,165804.44758179996,0,0.003987299108248712
_830211,138.65330505371094,25.980239868164062,536145.0359452076,177609.1194798,0,0.03303604268233862
_780289,138.07318115234375,26.56036376953125,564624.1420773531,183596.361733,0,0.055932205033449325
_800163,137.64303588867188,26.990509033203125,586020.2234586861,198404.3578908,0,0.046705128623642726
_830098,137.34959411621094,27.283950805664062,611387.915052003,200648.6078852,0,0.04027329273290066
_780232,136.9300994873047,27.703445434570312,622550.1787733462,188685.93739275003,0,0.035049826075771895
_830258,136.7960968017578,27.837448120117188,646034.9003228236,197981.13571324,0,0.033370695672285636
_800277,136.20217895507812,28.431365966796875,646971.23107325,198187.08612084005,0,0.029083426699056766
_820071,136.00694274902344,28.62660217285156,660721.3485350629,202583.9433028,0,0.026351056363142333
_830193,135.86965942382812,28.763885498046875,676583.7036437091,207124.9166758,0,0.023616411679978334
_830007,135.64324951171875,28.99029541015625,684460.6877971567,202175.8300868,0,0.032377762753742996
_740302,135.2012176513672,29.43232727050781,701890.381116596,230596.44352041,0,0.03849353314828738
_830130,134.90049743652344,29.73304748535156,716762.1467366689,230161.638159,0,0.02900366963150338
_830202,134.78448486328125,29.84906005859375,732320.7013336419,238661.71852571,0,0.027779646884712628
_810171,134.419677734375,30.2138671875,742426.4540089406,242613.30645521,0,0.019931114304244067
_830034,134.33123779296875,30.30230712890625,746118.4382131014,256692.44885021,0,0.00715424042268905
_830107,134.31491088867188,30.318634033203125,749848.5037103371,243209.88126621,0,0.014724345057658968
_830234,134.229736328125,30.40380859375,766259.0230073497,248661.00602297,0,0.0122828118511389
_820227,134.22190856933594,30.411636352539062,766294.2848573696,248670.42956957,0,0.015818994751435427
_830242,133.6797332763672,30.95381164550781,769098.8728500237,248522.85917657,0,0.028068546633606806
_810294,133.52467346191406,31.108871459960938,783212.8210782812,230077.8475254,0,0.026242222732071923
_830267,133.42153930664062,31.21200561523437,801699.0113058238,235983.69694790005,0,0.019541768690708276
_790258,133.3821563720703,31.251388549804688,809610.0692522741,242949.45841711,0,0.014848360542884957
_830290,133.2086639404297,31.424880981445312,817297.7787222083,236014.5112309,0,0.021800047038786664
_830056,132.8998260498047,31.733718872070312,825273.6076455346,247450.1836353,0,0.016969852255797453
_830038,132.78286743164062,31.85067749023437,827344.9757561014,240400.32278800005,0,0.014101042222115638
_830172,132.5198516845703,32.11369323730469,832507.078245857,248484.0010956,0,0.035368437868237367
_790205,131.7433624267578,32.89018249511719,841802.7809168693,239308.0025585,0,0.05267575150345821
_830221,131.03494262695312,33.598602294921875,856736.9697845583,241417.1623277,0,0.06368149304543097
_830344,130.82151794433594,33.81202697753906,908324.6154989308,279359.40048729995,0,0.07201661482555247
_830352,130.39666748046875,34.23687744140625,949198.0002619978,295354.7177135,0,0.051208874687985496
_830347,130.34034729003906,34.29319763183594,972906.5826462696,250646.3390648,0,0.029493175963636882
_820311,130.20298767089844,34.43055725097656,989950.5392854704,276792.6614935,0,0.03247102293239596
_770134,129.61648559570312,35.017059326171875,996005.6674679292,284876.8367661,0,0.026792539525970157
_820199,129.4732208251953,35.16032409667969,1003361.8840361944,280831.65909790003,0,0.01514033613588947
_830014,129.3137664794922,35.31977844238281,1008259.5541435658,295830.37905620004,0,0.01935709004259816
_820310,128.95596313476562,35.677581787109375,1013476.9704618796,296641.28068260005,0,0.037320310978978644
_810301,128.61087036132812,36.022674560546875,1040310.5248547384,294638.58189140004,0,0.06658490033453249
_830023,127.59498596191406,37.03855895996094,1066103.101919558,316855.9487897,0,0.0698881218259651
_790097,127.39360809326172,37.23993682861328,1104552.2578474805,324389.27391135,0,0.05130473260122839
_800169,127.1554946899414,37.4780502319336,1132621.159055306,341768.57185535005,0,0.04069918911933369
_830357,127.13835144042967,37.49519348144533,1161300.9244337822,282818.87718734,0,0.023457554479232243
_830105,127.12250518798828,37.51103973388672,1170194.5007179887,343781.04732414,0,0.008640049481245686
_780105,127.02123260498048,37.61231231689452,1170665.39217385,292228.68250644,0,0.02472510654359437
_830084,126.3372573852539,38.29628753662109,1177805.2018532215,289238.13949424005,0,0.04030986474448033
_800061,126.3348617553711,38.29868316650391,1208388.6152855323,339096.50828364,0,0.03484071842267249
_810187,125.89397430419922,38.73957061767578,1216803.1689386873,349678.28651864006,0,0.04478824191675584
_820288,125.68571472167967,38.94783020019533,1255140.469908876,358528.75953424006,0,0.04505982707841314
_810009,125.34452056884766,39.289024353027344,1268256.268320257,346032.47427827,0,0.03434184153759884
_820152,125.01355743408205,39.61998748779296,1283552.486724177,363569.70705154,0,0.03585487834688483
_810289,124.79753112792967,39.83601379394533,1304518.4505022073,366093.00434354,0,0.040949897212302314
_810194,124.65203094482422,39.98151397705078,1336187.449993512,349824.65983454,0,0.026884947289527596
_830174,124.53965759277344,40.09388732910156,1338200.2720502536,366181.15340384,0,0.03021990532957492
_820000,124.02030181884766,40.613243103027344,1359473.4592925794,365761.99733454006,0,0.05099112287942629
_820111,123.81936645507812,40.81417846679688,1392226.6365763976,314184.22285594005,0,0.02785947824695438
_810062,123.77230072021484,40.86124420166016,1395195.5345649226,314693.32810604,0,0.034749998797903234
_820175,122.86135864257812,41.77218627929688,1409131.0186155238,371330.99396614,0,0.08687966673221843
_830326,122.85791015625,41.775634765625,1500583.8071541584,397042.1299035,0,0.06096776661421409
_800310,122.79490661621094,41.83863830566406,1507609.0019765894,396203.4820203,0,0.056585875603069935
_790351,122.4770736694336,42.156471252441406,1578378.068351736,402147.43855007,0,0.0621301451389163
_830029,122.44427490234376,42.18927001953124,1595903.877019063,379366.87941477,0,0.025227729717215985
_810280,121.92489624023438,42.70864868164063,1596759.8285847218,405653.10380537,0,0.030262434218544507
_820291,121.63709259033205,42.99645233154296,1611780.9468827168,405417.63614347007,0,0.03006317750131343
_830140,121.5975570678711,43.03598785400391,1632761.6160431209,408074.10091847,0,0.0313691122637743
_830053,121.00457000732422,43.62897491455078,1636942.7814870966,408524.99250107,0,inf
_830278,159.8749237060547,4.7586212158203125,54180.40320378912,40750.9119671,1,inf
_830332,157.87139892578125,6.76214599609375,63711.93676055376,34550.871975300004,1,0.11132696788639138
_830334,156.58226013183594,8.051284790039062,98806.7088391398,36512.8672918,1,0.08456579839775649
_830115,155.8531494140625,8.7803955078125,118197.46330990655,53289.0620633,1,0.04320286389973002
_830148,155.52801513671875,9.10552978515625,125654.70187616516,42946.8829959,1,0.06230978228369771
_830159,154.3872528076172,10.246292114257812,159246.84135944955,64640.93176760001,1,0.0590705288525459
_830354,154.23123168945312,10.402313232421877,168530.70809112128,66904.7804147,1,0.04800632341089115
_830075,152.93838500976562,11.695159912109377,177253.9370852491,70431.7208199,1,0.04395181515263371
_830071,152.90093994140625,11.73260498046875,184855.30478607232,70429.3197413,1,0.029584888641225257
_830199,152.02587890625,12.607666015625,187515.1437990992,75464.8805149,1,0.0402496158069926
_830036,151.9551239013672,12.678421020507812,211418.20263940172,104183.0081617,1,0.032639212234370454
_830000,151.37417602539062,13.259368896484377,213969.8577703772,92982.5577789,1,0.05083518939196616
_830317,150.4844970703125,14.1490478515625,233198.4652996876,99515.6665394,1,0.05924625782139703
_830263,149.996826171875,14.63671875,253703.31019857145,119701.4323495,1,0.07071794695493228
_830026,148.94017028808594,15.693374633789062,284876.2919692797,107617.7449814,1,0.05140637281619424
_830083,148.8361358642578,15.797409057617188,289645.3811980398,110051.97922662998,1,0.04550383880724038
_830215,147.38768005371094,17.245864868164062,294307.5312438508,119725.97476443,1,0.054775071256075974
_830027,147.0018310546875,17.6317138671875,302468.91456481133,123783.55325650002,1,0.01850014669771184
_830320,146.85926818847656,17.774276733398438,302523.1198507116,133339.95302050002,1,0.011398007257387195
_830289,146.69606018066406,17.937484741210938,308374.0325577243,114366.79409300002,1,0.02060147831432061
_830219,146.36981201171875,18.26373291015625,315891.2057814091,114797.4604509,1,0.018967092591264736
_830318,146.2108154296875,18.4227294921875,319205.77473594307,122867.7039524,1,0.015269767816596379
_830304,145.9608612060547,18.672683715820312,323831.4889259589,115765.01924500002,1,0.022002494993250014
_830156,145.56558227539062,19.06796264648437,328261.1375840599,117701.8723304,1,0.07026306599063233
_830301,143.82318115234375,20.81036376953125,349458.6464293249,124266.3191207,1,0.07543891637354061
_830305,143.64903259277344,20.98451232910156,371915.9052478811,123834.5579703,1,0.02866352938168795
_830179,143.25364685058594,21.379898071289062,372809.7875094992,142772.0268311,1,0.05059038519029509
_830280,142.93426513671875,21.69927978515625,425511.8351179097,139996.04223584998,1,0.06536135335682978
_830313,142.44659423828125,22.18695068359375,447016.6697194198,152269.39934846995,1,0.043047023769943404
_830125,141.78524780273438,22.848297119140625,448060.6999143402,135020.3247978,1,0.028127130800527013
_830205,141.6291046142578,23.004440307617188,458906.0778819911,173484.1493912,1,0.016191800748222192
_830060,141.4544677734375,23.1790771484375,460865.57433670165,140427.8224931,1,0.011863661452741023
_830243,141.22869873046875,23.40484619140625,461550.6663731721,176639.5574757,1,0.040961645397414606
_830197,140.7186279296875,23.9149169921875,497562.9942174992,191580.9290597,1,0.07987039789601307
_830336,139.62046813964844,25.01307678222656,525712.9932530686,163229.5575458,1,0.06952004122356989
_830204,139.25865173339844,25.37489318847656,550846.1320895394,171775.97046679998,1,0.04474055505932578
_830288,139.04684448242188,25.586700439453125,575605.1851984787,177303.7928646,1,0.04669580531542701
_830155,138.21731567382812,26.416229248046875,584048.6975369479,185332.5677538,1,0.048666829821510146
_830222,137.66595458984375,26.96759033203125,597607.7660637083,198965.1587407,1,0.03790411080460607
_770079,137.38771057128906,27.245834350585938,611668.1417098324,198889.65113424,1,0.044354860695419385
_830271,136.9761962890625,27.6573486328125,641908.1982829737,203978.22508004,1,0.04673678765384961
_830281,136.84434509277344,27.78919982910156,666167.409841452,191754.30615086004,1,0.041649329653234354
_830201,136.03091430664062,28.60263061523437,670819.7839571553,201661.8849701,1,0.038862883086177684
_820299,135.7722625732422,28.86128234863281,685043.1883320804,225460.56598395,1,0.03734209964621131
_830329,135.66424560546875,28.96929931640625,717240.4142491134,207973.3946956,1,0.02485102181212998
_830102,135.61502075195312,29.018524169921875,719635.1655975746,231802.2713264,1,0.0187161883994028
_830184,135.22801208496094,29.405532836914062,729744.586176216,233051.530943,1,0.03127224819736788
_800089,134.82131958007812,29.812225341796875,737764.9592691639,221430.35210667,1,0.016140088026703487
_830149,134.80690002441406,29.826644897460938,738612.6534344516,291644.94909284,1,0.012191247074280914
_830328,134.5459442138672,30.08760070800781,746283.9806932891,246762.20802777,1,0.022543620813415485
_830015,134.4325408935547,30.201004028320312,760114.6340773869,245221.34387621,1,0.026659461921084388
_830316,134.2653045654297,30.368240356445312,778620.5858635064,251595.27263461,1,0.035691137497953475
_830118,134.0941619873047,30.539382934570312,804997.8418624605,247311.44585357,1,0.03213707111774239
_830074,133.64247131347656,30.99107360839844,805471.6050902667,237482.42504940004,1,0.022458810937278
_830055,133.57618713378906,31.057357788085938,820236.5212383434,234234.4392283,1,0.04348118219599444
_790314,132.6725311279297,31.961013793945312,836376.0165533731,247672.13116401,1,0.062480233593994045
_830249,131.9593963623047,32.67414855957031,855136.486816881,238983.9115673,1,0.042546224198241445
_830057,131.57705688476562,33.056488037109375,860375.2512943186,240049.56868,1,0.02717025532324601
_820065,131.5615997314453,33.07194519042969,883327.4538916701,245245.7713471,1,0.025411694643688306
_820055,131.39801025390625,33.23553466796875,894969.3610313481,245394.05866243,1,0.028224900248716468
_800185,131.0472412109375,33.5863037109375,908301.8762326556,247381.849696,1,0.029077617508521468
_830229,130.8968048095703,33.73674011230469,921921.4722871532,293057.43452360004,1,0.016365751006323415
_830166,130.83761596679688,33.795928955078125,926560.6625371504,264292.896901,1,0.02149882071085734
_810276,130.72933959960938,33.904205322265625,950507.232452686,261901.64560963,1,0.025343141766561342
_830333,130.47581481933594,34.15773010253906,953249.9895501024,301854.0214011,1,0.036848614548952524
_830048,130.28724670410156,34.34629821777344,992892.4818321684,309430.13038570003,1,0.04149371734785634
_830168,130.03367614746094,34.59986877441406,1003352.10895947,285663.0074834,1,0.03056979307797654
_830283,129.46568298339844,35.16786193847656,1008667.2106944828,284706.4707635,1,0.03259757597428111
_830298,129.21388244628906,35.41966247558594,1022571.8846512536,289770.6368673,1,0.026882335365534332
_830217,128.96192932128906,35.67161560058594,1031862.7648970945,284310.9122691,1,0.02192903425900178
_830214,128.8024444580078,35.83110046386719,1041471.9193220084,308644.69723209995,1,0.02456392792690386
_830260,128.62677001953125,36.00677490234375,1058393.0112739191,318965.1589878,1,0.021947499648562175
_810354,128.5336456298828,36.09989929199219,1066483.3787660033,299294.202703,1,0.029401622684329085
_810136,127.77941131591795,36.854133605957045,1071126.9316417086,315786.2588517,1,0.03224011135138009
_820104,127.7444305419922,36.8891143798828,1086412.7247319084,314701.0853855,1,0.03937535122274909
_830142,127.52315521240234,37.110389709472656,1125633.1545426704,340234.47634225,1,0.05014546066493835
_830349,127.46036529541016,37.17317962646485,1157630.2538362157,353642.42370725004,1,0.02862581148804124
_830268,127.41919708251952,37.21434783935548,1168769.240005275,324879.3382777,1,0.02713443045537972
_830182,126.88191223144533,37.75163269042967,1178060.264489666,278962.01785675,1,0.030912983843389807
_820258,126.69029998779295,37.943244934082045,1189064.6528131077,296203.43572434003,1,0.013671532594452647
_830110,126.63987731933594,37.99366760253906,1190460.4049479414,336987.36895834,1,0.028959602470922753
_830228,126.49164581298828,38.14189910888672,1228718.488193244,332632.62687394,1,0.033730651113679226
_830165,126.24085998535156,38.39268493652344,1229500.8193493637,340570.74529054,1,0.01810283376107721
_830049,126.15122985839844,38.48231506347656,1244288.1667178783,345935.28731904,1,0.02571099868057517
_830295,125.8874740600586,38.746070861816406,1257160.1613669216,303871.24463054,1,0.05565380550467243
_830138,125.05130767822266,39.58223724365234,1289878.8055712965,352100.37561117,1,0.06561586011499469
_830190,124.97937774658205,39.65416717529296,1327482.443909241,356917.77048057003,1,0.05616447918494684
_830114,124.86268615722656,39.77085876464844,1375166.9961894422,353060.6684682699,1,0.044469192514568934
_830327,124.39764404296876,40.23590087890624,1376577.9763832863,364022.89842697,1,0.021513654256669467
_830252,124.38877868652344,40.24476623535156,1390713.7004809645,369280.59947966994,1,0.06495473691345396
_830001,122.99687957763672,41.63666534423828,1424799.1047295132,373142.16251914,1,0.1552616312016595
_830309,122.87114715576172,41.76239776611328,1584016.7779075666,401228.76047797,1,0.14498463061767647
_830078,121.94810485839844,42.68544006347656,1621012.245524944,409615.66274017,1,0.07342527224726464
_830311,121.44554138183594,43.18800354003906,1645254.5028209323,414453.65506547,1,0.03168808460514585
_820354,121.36418151855467,43.26936340332033,1648775.917244006,410315.98091777,1,0.013446513910411446
_820135,121.21196746826172,43.42157745361328,1657641.4214462503,412541.1067159141,1,0.01617866487990068
_830233,121.20877838134766,43.424766540527344,1669035.3213982836,423735.3711271701,1,0.022621081776574743
_830046,121.07633972167967,43.55720520019533,1689449.2943905003,411736.07245947,1,inf
_830157,157.92098999023438,6.712554931640625,85132.95005550784,32060.23365746,2,inf
_830164,156.612548828125,8.02099609375,101423.54858189374,58992.43208939,2,0.09042763004961793
_830141,155.98207092285156,8.651473999023438,152741.02593426363,81905.62630169,2,0.08757619772459915
_830136,154.55548095703125,10.07806396484375,159256.65509518067,49382.4714199,2,0.05562055019562306
_830085,154.45730590820312,10.176239013671877,180165.25506753477,39976.47386880001,2,0.043156654796217
_830063,153.51187133789062,11.121673583984377,186481.2504810643,79950.5715491,2,0.07135366075876368
_830092,152.05929565429688,12.574249267578123,196506.7295456236,75336.4395159,2,0.10551890665691231
_830207,150.86428833007812,13.769256591796877,248956.16783812997,112182.6489745,2,0.06933770335193715
_830196,150.58755493164062,14.045989990234377,248985.34995099192,113214.0848653,2,0.06090340112416686
_830346,149.4892578125,15.144287109375,291542.1884475624,135007.2969785,2,0.08393691629028285
_830236,148.52357482910156,16.109970092773438,300476.35003106215,112416.8162838,2,0.03490420130720821
_830253,148.46572875976562,16.167816162109375,305909.6248625529,106782.1077265,2,0.055779529491851346
_830093,146.89321899414062,17.740325927734375,323663.3956512427,118984.4459044,2,0.0665195557088539
_830153,146.41275024414062,18.22079467773437,328926.99397469574,121393.814053,2,0.03270525812504325
_830033,145.99961853027344,18.63392639160156,339915.70854430826,125443.60929663,2,0.02366075655340979
_830331,145.84304809570312,18.790496826171875,343957.8137661702,111386.2882343,2,0.034144995933623544
_830068,144.90814208984375,19.72540283203125,350124.951573652,115130.9781958,2,0.050747226512711005
_830037,144.28829956054688,20.345245361328125,362005.7796453181,113752.6175997,2,0.03787409567967948
_830209,143.9480438232422,20.68550109863281,372131.5652858042,131835.9845521,2,0.052508981054963696
_830139,143.2732391357422,21.36030578613281,405988.30343606975,142022.59086832,2,0.04027353925405362
_830257,143.26947021484375,21.36407470703125,410126.8241153639,145519.0826266,2,0.0226590216742098
_830024,142.97836303710938,21.655181884765625,431070.4272115767,167768.7136807,2,0.05802697065467555
_830322,142.1496124267578,22.483932495117188,458811.119563328,138876.95584239997,2,0.05635580222107918
_830151,141.56289672851562,23.07064819335937,464375.8625055429,138859.94473420002,2,0.032475864269784126
_830225,141.26214599609375,23.37139892578125,474943.7412763174,169255.1593884,2,0.0994161774319988
_830239,140.17599487304688,24.457550048828125,570452.9347005758,174363.4680459,2,0.09495382917591857
_830284,139.8076171875,24.825927734375,570722.7245761983,145953.30798217,2,0.027989304165314324
_830224,139.65419006347656,24.97935485839844,594718.4272454287,166670.07198339998,2,0.05192376140114909
_830231,138.3495330810547,26.284011840820312,594846.5793093583,180437.80304321,2,0.07974014259621727
_830296,137.5023956298828,27.131149291992188,635492.0541538278,214930.10851174,2,0.06281357946172259
_830013,137.01272583007812,27.620819091796875,642236.2322946807,211647.10210086,2,0.04353592138427924
_830261,136.68499755859375,27.94854736328125,672990.3322243841,184353.23466875,2,0.028471349866505215
_830143,136.66342163085938,27.970123291015625,674656.486999349,215805.70345329,2,0.026627367575880183
_830135,136.1107177734375,28.5228271484375,692755.6584257772,230358.027713,2,0.03484711025702586
_830134,136.024658203125,28.60888671875,705331.7027614767,201956.75848386,2,0.03852876763823597
_830004,135.69781494140625,28.93572998046875,739177.2169906151,216305.97842251003,2,0.039379560459130575
_830152,135.32557678222656,29.30796813964844,740967.1737794767,230389.31069495,2,0.014526761106753553
_830052,135.20065307617188,29.432891845703125,742122.37920623,224913.62674016,2,0.05822848630596948
_830132,134.2694091796875,30.3641357421875,792701.4575792366,244618.5451896,2,0.07669784765573107
_830129,133.7622528076172,30.87129211425781,808252.748551019,234559.1920824,2,0.03804598921121787
_830244,133.66163635253906,30.971908569335938,830013.4243225118,243897.63166591,2,0.03218198374384941
_830279,133.2940673828125,31.3394775390625,841771.0725032486,242577.44950931,2,0.02193352187538066
_830131,133.254150390625,31.37939453125,849089.3919222476,247601.64860081003,2,0.015519803726713677
_830203,132.9611053466797,31.672439575195312,853366.2621792348,237131.2022839,2,0.03277197749630253
_830050,132.17335510253906,32.46018981933594,857472.4142158474,242028.47496383,2,0.042108314173546796
_830096,131.87298583984375,32.76055908203125,876951.3508484015,256969.1058257,2,0.042918777778080085
_830177,131.79751586914062,32.836029052734375,912768.9336639316,242778.38090423003,2,0.03997939004402444
_830106,131.4901885986328,33.14335632324219,927066.8339291968,250032.88181743,2,0.02732417242866369
_830246,131.12841796875,33.505126953125,929650.0302776909,253117.2363197,2,0.023025475818637987
_830339,130.964599609375,33.6689453125,942922.5545661394,296249.186861,2,0.046903282562311646
_830180,130.48806762695312,34.145477294921875,980291.4776293954,255405.9042034,2,0.06319096277727344
_830025,130.04222106933594,34.59132385253906,1008606.5022809624,275949.8869211,2,0.0374976575453212
_830341,129.83119201660156,34.80235290527344,1014599.0121647388,272872.5407624,2,0.016506251237478474
_830067,129.56309509277344,35.07044982910156,1015609.8804643548,284944.8742406,2,0.03735171003729513
_830120,129.0624542236328,35.57109069824219,1043895.3131249016,310677.7335425,2,0.04661085563712542
_830076,128.9740753173828,35.65946960449219,1067953.632586006,279760.70365457,2,0.03085791401007978
_830117,128.51974487304688,36.113800048828125,1072036.4426469612,299847.1921309,2,0.04050185771190168
_830192,127.83868408203124,36.79486083984376,1086854.04902325,312256.6471487,2,0.054660443551296664
_830103,127.77603149414062,36.857513427734375,1131161.6645229987,325719.4357297,2,0.04144587737670788
_830061,127.70205688476562,36.931488037109375,1149900.697515127,320848.13172530005,2,0.02252595296319284
_830198,127.69696807861328,36.93657684326172,1165222.8114162362,322752.56065257004,2,0.041060701477565506
_830323,126.90760040283205,37.72594451904296,1184263.8791010077,298475.96102514,2,0.06022276884665731
_830356,126.88941955566406,37.74412536621094,1230869.7070387332,304733.89589744,2,0.043667621385201964
_830047,126.4772491455078,38.1562957763672,1238480.9004266893,344647.84362864,2,0.030696723035869025
_830124,126.3505401611328,38.2830047607422,1258906.255557973,305115.33285044,2,0.03179668792449573
_830088,126.23401641845705,38.39952850341796,1280948.7597228268,354978.58826614,2,0.04096873427676377
_830241,125.49949645996094,39.13404846191406,1290704.28783779,363216.60606254,2,0.042280509300160626
_830235,125.2032241821289,39.430320739746094,1307263.8619358982,353552.68962347,2,0.03505125432943399
_830082,125.17652130126952,39.45702362060548,1335180.8596462796,354697.34092624,2,0.05613435980408804
_830158,124.7327117919922,39.9008331298828,1380484.9294199247,376619.26250444,2,0.0777834031248331
_830337,124.29503631591795,40.338508605957045,1426856.5374088264,322285.69264084,2,0.05303239421794125
_830018,123.96475982666016,40.66878509521485,1435871.506149351,318229.29150594,2,0.017241063361450447
_830095,123.90650939941406,40.72703552246094,1438943.22049927,320559.38128294,2,0.018898554636741727
_830232,123.85832977294922,40.77521514892578,1462738.3167849137,400558.32666104,2,0.03528417243183741
_830210,123.13653564453124,41.49700927734376,1464751.1807667972,375077.03946197,2,0.08830516972782479
_830348,123.02584075927734,41.607704162597656,1573986.8464896027,400177.5098860701,2,0.12563313491531547
_830162,121.98517608642578,42.64836883544922,1624434.4999231694,402186.20108407,2,0.08502010983439434
_830161,121.69476318359376,42.93878173828124,1658521.6073358825,407826.25328917,2,0.06218692879903819
_830160,121.29562377929688,43.337921142578125,1698375.4692057993,417766.72425937,2,inf
_830282,159.5941162109375,5.0394287109375,87324.4787173775,54953.3040704,3,inf
_830272,157.4236602783203,7.209884643554687,110997.28464764146,35025.738788999995,3,0.09405233365430413
_830144,157.16934204101562,7.464202880859375,140243.65065981558,60138.56241369,3,0.08278924778487229
_830227,155.64002990722656,8.993515014648438,172532.5649382319,53583.84620670001,3,0.08395220109109092
_830040,154.9026336669922,9.730911254882812,183117.69624004,87904.4062194,3,0.056766500983262344
_830128,153.8818817138672,10.751663208007812,191911.85459155496,74355.50221579999,3,0.04386811998724144
_830240,153.6374053955078,10.996139526367188,202076.886862735,80877.0587204,3,0.04345251296006269
_830016,152.7415008544922,11.892044067382812,215502.7004277325,66082.99344558,3,0.060713730167078636
_830035,152.58676147460938,12.046783447265623,258176.40520159484,93052.5946439,3,0.07632509477203618
_830030,150.7715301513672,13.862014770507812,258352.69052324447,115196.9656775,3,0.04967914225493845
_830171,150.76754760742188,13.865997314453123,263175.3043126565,106928.35534609998,3,0.04558124721502742
_830011,149.9891815185547,14.644363403320312,300743.87610287487,110694.72859749998,3,0.06420091830081066
_830058,149.1794891357422,15.454055786132812,302159.4163660885,113174.22236729998,3,0.039137522278290676
_830147,148.9427032470703,15.690841674804688,321167.54079940123,116249.4305548,3,0.08083030910618424
_830091,146.7371368408203,17.896408081054688,332358.03637309454,115545.766223,3,0.07694917915994984
_830006,146.4311065673828,18.202438354492188,341964.9376667004,123558.87959680002,3,0.052210040273893595
_830262,145.13275146484375,19.50079345703125,350720.746851671,118642.2952621,3,0.07558296148117226
_830002,144.6961669921875,19.9373779296875,393601.1479444584,122020.47674855,3,0.04961437541272968
_830043,144.3017578125,20.331787109375,397740.0800746705,106336.789525,3,0.024152989969036344
_830021,143.96734619140625,20.66619873046875,402666.652532233,116186.6927058,3,0.035234511065376034
_830059,143.8460693359375,20.7874755859375,436863.5720866136,149627.0242573,3,0.04089441377147143
_830315,143.26568603515625,21.36785888671875,440709.4408752632,150924.7125818,3,0.06710452351290619
_830181,141.8818817138672,22.75166320800781,464638.1654928664,145416.5757002,3,0.15040185854561955
_830041,140.67417907714844,23.95936584472656,580157.4178260692,187396.0808293,3,0.14306730604534118
_830111,140.2877655029297,24.345779418945312,634417.2308800158,168122.59681724,3,0.06269660752224104
_830335,139.54556274414062,25.08798217773437,636227.9244990931,209119.53955140003,3,0.1020855370528099
_830310,137.37889099121094,27.254653930664062,680047.9602598081,209353.52656724,3,0.11290859171989057
_830285,136.494873046875,28.138671875,693797.8356353055,200455.16654946,3,0.05764157268375274
_830308,136.23367309570312,28.399871826171875,727010.7281192848,217395.1187956,3,0.05346779830830012
_830247,135.71728515625,28.916259765625,749497.1466793125,232808.5622387,3,0.07715517663572535
_830342,134.87521362304688,29.758331298828125,797308.9411114657,238921.04306511,3,0.09195038329937177
_830277,134.01434326171875,30.61920166015625,829695.3612308712,255925.32278857,3,0.06823528905133734
_830303,133.34178161621094,31.291763305664062,845325.7530050406,248868.85208280003,3,0.03703504563183
_830099,133.30003356933594,31.333511352539062,860785.7398609085,237161.30928,3,0.02601621020836241
_830351,132.74606323242188,31.887481689453125,863161.5794291148,252657.33811701,3,0.04399621463979243
_830206,132.6490020751953,31.984542846679688,906141.138534494,251121.24804601003,3,0.04241819833438676
_830292,132.2461700439453,32.38737487792969,912337.8311795464,262165.6379317,3,0.04525746266157499
_830273,131.66156005859375,32.97198486328125,939251.1088260296,333022.21171483,3,0.04409771167814203
_830185,131.16748046875,33.466064453125,939630.725062492,254686.97544183,3,0.05076115781049223
_830188,130.83062744140625,33.80291748046875,988178.6656748482,253483.31134627,3,0.04674406738582434
_830109,130.65493774414062,33.978607177734375,995456.0711876892,255767.2658092,3,0.03638380268992902
_830325,130.03836059570312,34.595184326171875,1014863.5347109024,284801.21406840003,3,0.04070469534032599
_830321,129.56398010253906,35.06956481933594,1016587.759728116,279326.3669453,3,0.0881870435522028
_830183,128.4777374267578,36.15580749511719,1094875.2441403295,294391.62995,3,0.098330270077024
_830066,127.96916198730467,36.66438293457033,1111996.8484283483,294139.38547660003,3,0.048300469551087376
_830218,127.94962310791016,36.68392181396485,1152623.0612033985,332224.8606236,3,0.09759887600557306
_830250,127.1837921142578,37.4497528076172,1240697.5381674164,334959.20325624006,3,0.09231660126409877
_830299,126.5710906982422,38.0624542236328,1247259.476316536,341983.76137454004,3,0.037091427984687904
_830094,126.37907409667967,38.25447082519533,1268027.480050248,312667.12336633995,3,0.06064983957476902
_830116,125.55498504638672,39.07855987548828,1304725.2013668716,365373.35010656994,3,0.05329939425244896
_830353,125.32984161376952,39.30370330810548,1311866.679872022,351963.84263963,3,0.04570669778799077
_830259,125.2768096923828,39.3567352294922,1368817.873930968,356235.77732037,3,0.042655881326880085
_830175,125.25,39.383544921875,1379344.7886882343,362256.24135567,3,0.02364839589209872
_830307,125.04322814941406,39.59031677246094,1398157.0535656535,370431.99193127005,3,0.05732785932602235
_830213,124.804443359375,39.8291015625,1455612.9776593752,388425.8552618701,3,0.08989934729736021
_830104,123.4315414428711,41.20200347900391,1478837.2675942455,383698.76857154,3,0.18807616797984994
_830186,123.13557434082033,41.49797058105467,1696997.0641678642,420413.67748007,3,inf
_830073,159.6551971435547,4.9783477783203125,100663.34271105852,48150.33946080001,4,inf
_830266,157.7191619873047,6.9143829345703125,114734.85570541788,41964.366097900005,4,0.1978075102200309
_830265,154.2106475830078,10.422897338867188,197259.97318331053,93675.862765,4,0.14652750518965169
_830251,153.97915649414062,10.654388427734377,198784.0144512877,54931.00971089999,4,0.04874784039641552
_830031,152.8905029296875,11.7430419921875,221986.7539634804,71256.9678319,4,0.04286014556619891
_830191,152.86643981933594,11.767105102539062,222569.84711313865,71516.00267870001,4,0.03626453792510621
_830178,152.38063049316406,12.252914428710938,260511.97878596655,109178.7599982,4,0.05208858127857613
_830254,151.78970336914062,12.843841552734377,263224.524365624,87695.88422389998,4,0.02363496064997151
_830003,151.59669494628906,13.036849975585938,266367.11355059664,91426.862356,4,0.05464329999773585
_830086,150.9429168701172,13.690628051757812,317927.2274810563,118614.40118953,4,0.19213044104822025
_830062,146.12950134277344,18.50404357910156,352564.7711543716,132703.8398311,4,0.16810661072212738
_830146,145.2900848388672,19.34346008300781,356290.3966800954,114174.6903688,4,0.07769164904165617
_830081,144.32476806640625,20.30877685546875,404729.69040373823,126763.1172325,4,0.0730859107284369
_830287,144.3181915283203,20.315353393554688,436306.0685900789,144032.00574629998,4,0.09894816603937356
_830275,141.89527893066406,22.738265991210938,465583.3240192236,155696.40793120002,4,0.2085909075810705
_830350,140.9195098876953,23.714035034179688,638037.4221384964,199730.0565592,4,0.2732014822917007
_830097,136.6080322265625,28.0255126953125,694168.8544538168,206856.66974104,4,0.2622641149837264
_830112,135.137451171875,29.49609375,827354.2504696378,248127.57896747,4,0.13523749811145203
_830256,134.87342834472656,29.76011657714844,844948.0145625975,241929.93316697,4,0.07886258292676995
_830226,133.02020263671875,31.61334228515625,868142.3259387746,237365.4690902,4,0.07054555339300042
_830276,132.9566192626953,31.676925659179688,880460.3656431338,239262.13753701,4,0.03724453051524314
_830208,132.89479064941406,31.738754272460938,924685.6543722248,267439.81023963,4,0.03602162046358498
_830069,132.7003631591797,31.933181762695312,929393.6550340278,248859.2927157,4,0.05037174450268322
_830079,131.29782104492188,33.335723876953125,940309.7833971872,249705.1330553,4,0.05098731831514354
_830121,131.1768341064453,33.45671081542969,949171.4780680592,248115.7757893,4,0.045984289818683806
_830137,130.8800811767578,33.75346374511719,998914.0661305202,271103.2283551,4,0.05900981608030156
_830176,130.77691650390625,33.85662841796875,1030180.1970145016,323517.5508074,4,0.03566094976471344
_830077,130.29122924804688,34.342315673828125,1033069.3873211286,262924.3029733,4,0.03634859314347093
_830170,130.0443572998047,34.58918762207031,1059351.9086048368,288365.1442749,4,0.08195672400164819
_830297,128.71337890625,35.920166015625,1101993.7037110743,304195.1987665,4,0.09459169669070436
_830167,128.0078125,36.625732421875,1129717.6548663855,281949.383988,4,0.11111068153303746
_830194,127.6377944946289,36.995750427246094,1240775.204880746,348159.75727835,4,0.12229052355510564
_830200,126.49138641357422,38.14215850830078,1268283.6466162817,328221.606358734,4,0.10672502657700908
_830269,125.47657775878906,39.15696716308594,1325988.2532290888,359997.65057797,4,0.0800491541928651
_830070,125.40521240234376,39.22833251953124,1354998.408501196,366056.04106144,4,0.0269973953377757
_830338,125.373779296875,39.259765625,1366467.8175015885,374962.53340724006,4,0.03580702765584961
_830072,125.05867004394533,39.57487487792967,1399726.1824465627,378538.69378007,4,0.11482186848930555
_830223,123.60370635986328,41.02983856201172,1481810.0337189836,381674.11268797,4,inf
_830019,158.73159790039062,5.901947021484375,117037.87931417691,39030.06005679999,5,inf
_830238,153.21078491210938,11.422760009765623,227407.46764228327,86623.247178,5,0.2588030897830903
_830212,152.96969604492188,11.663848876953123,301462.77336230327,75156.2184305,5,0.08140154038476746
_830189,152.50526428222656,12.128280639648438,332596.84773860115,75505.256239,5,0.056710088077744844
_830264,151.73858642578125,12.89495849609375,343216.098206184,99234.2036417,5,0.09631363108780494
_830005,149.2477264404297,15.385818481445312,353772.7347009306,104260.658907,5,0.10116399415627203
_830248,148.51153564453125,16.12200927734375,373751.5605310184,115974.7540186,5,0.09488837414258001
_830216,146.21290588378906,18.420639038085938,382074.7453177135,117672.72360299998,5,0.10409176424416527
_830270,145.3109130859375,19.3226318359375,410278.7738387114,122074.7672601,5,0.16322365276266573
_830343,141.9066619873047,22.726882934570312,469729.2121597313,153816.4136265,5,0.35036687532775124
_830054,138.32431030273438,26.309234619140625,694646.9922447638,226059.0775875,5,0.2717295551094955
_830010,136.81678771972656,27.81675720214844,704282.8569713891,212122.99083362,5,0.24116938109021985
_830154,133.28831481933594,31.345230102539062,880715.3046477373,246448.0764778,5,0.28297465198614213
_830039,131.3815155029297,33.25202941894531,942798.2153679417,250810.0454242,5,0.11698499204032978
_830314,131.28695678710938,33.346588134765625,989792.2710153756,284424.9622015,5,0.03900391017914003
_830032,131.20492553710938,33.428619384765625,1000083.3963606867,266858.5219558,5,0.05977617040430941
_830087,130.66416931152344,33.96937561035156,1062573.4552809645,277286.8185975,5,0.1385240969034057
_830122,128.72679138183594,35.90675354003906,1124627.0672717276,304059.81319980003,5,0.2160048710432094
_830355,127.22615814208984,37.40738677978516,1274948.0513945054,347328.88019344007,5,0.15116888639360979
_830169,126.88098907470705,37.75255584716796,1297139.1862936276,373130.73177434,5,0.08125034437162149
_830126,126.10240936279295,38.531135559082045,1362057.0238920818,372997.54310264,5,0.08216120094722204
_830286,125.37976837158205,39.25377655029296,1369670.0237531008,350853.09642107,5,0.13986704413743858
_830123,123.65538787841795,40.978157043457045,1490158.6262888762,390123.02255047,5,inf
_830113,153.35702514648438,11.276519775390623,262058.29316912475,87789.99240651,6,inf
_830302,149.8819580078125,14.7515869140625,378625.0951919949,183189.2258899,6,0.16499058402656497
_830173,149.71923828125,14.914306640625,381145.3692314256,131034.4245278,6,0.011024933337683685
_830163,149.63677978515625,14.99676513671875,386493.3507427994,107098.3940755,6,0.010686335577603782
_830045,149.4856414794922,15.147903442382812,388944.6916063188,93976.28942179,6,0.04551683757854992
_830008,148.21495056152344,16.418594360351562,401516.2995479201,123791.9977711,6,0.10477376360142662
_830300,146.01905822753906,18.614486694335938,415267.2248948927,145709.39690939998,6,0.23034110165603083
_830330,141.9781951904297,22.655349731445312,518402.4600615189,188776.2341662,6,0.3286398289539114
_830237,139.84320068359375,24.79034423828125,698093.6153676119,213107.8137161,6,0.26604978149474456
_830220,136.8485870361328,27.784957885742188,741824.0939808073,231668.629878,6,0.23392775593742138
_830345,135.16946411132812,29.464080810546875,887571.6165668934,224787.39553715,6,0.16416541299803317
_830133,133.88449096679688,30.749053955078125,888259.5692637569,234087.187295,6,0.11355032876429227
_830022,132.30291748046875,32.33062744140625,954057.9714433812,228661.5226974,6,0.1028804498916726
_830195,131.88327026367188,32.750274658203125,973904.7078427116,261282.4848636,6,0.03512645914738915
_830080,131.69247436523438,32.941070556640625,986404.6860321544,262298.2219515,6,0.2978338160053314
_830009,127.37207794189452,37.26146697998048,1276505.453516983,408621.860911734,6,0.29111565703682185
_830150,127.34163665771484,37.29190826416016,1284677.7431631903,308947.03980434,6,0.21820587094658167
_830306,123.96607971191406,40.66746520996094,1493902.1959007687,395215.85649727006,6,inf
_830101,152.03662109375,12.596923828125,407942.70298985066,106411.9925141,7,inf
_830090,147.8912811279297,16.742263793945312,445363.03975540906,117862.9271804,7,0.14183321974493654
_830187,147.47874450683594,17.154800415039062,449325.27765258553,154514.0517045,7,0.042705031454292566
_830012,146.51194763183594,18.121597290039062,457525.18029845343,148687.14076550002,7,0.038775762448996255
_830089,146.40585327148438,18.227691650390625,468021.8110207223,187692.3410763,7,0.020716453494303053
_830145,146.13104248046875,18.50250244140625,475711.8773218734,155265.9371455,7,0.0985301841981524
_830100,144.197998046875,20.435546875,537629.1845897802,170311.89168529998,7,0.20131099817530262
_830274,142.02903747558594,22.604507446289062,635363.2816883319,165308.40891509998,7,0.29177774410149226
_830245,138.1696014404297,26.463943481445312,765487.7129289596,210303.91269810003,7,0.21086691644292266
_830294,137.17312622070312,27.460418701171875,778754.6678381899,231628.288486,7,0.18533415427807826
_830324,134.2562255859375,30.3773193359375,906631.5141022836,259043.1237131,7,0.23904447377623667
_830044,133.2071075439453,31.426437377929688,1006905.35745857,338000.3710588,7,0.3809908750247646
_830065,128.3059844970703,36.32756042480469,1286068.330321115,346410.79409094,7,0.3505713257008899
_830319,127.38536071777344,37.24818420410156,1341271.39419297,348694.59761767,7,0.23290678886381383
_830119,124.1066665649414,40.5268783569336,1494074.3557564323,390343.1751094,7,inf
_830042,146.68312072753906,17.950424194335938,460574.4609862919,111792.6026513,8,inf
_830293,138.0476531982422,26.58589172363281,814829.6005984624,241644.277284,8,1.1981987434390737
_830017,124.48860168457033,40.14494323730467,1505477.7688401812,388531.29686639993,8,inf
