gen_num,diversity_within,total,num_of_new_from_prev_1,num_of_lost_from_prev_1,num_of_kept_from_prev_1,num_of_inherited_from_prev_1,perc_new_from_prev_1,perc_lost_from_prev_1,perc_inherited_from_prev_1
0,0.0240297424737033,265,0,0,0,,,,
1,0.023852735286492,276,22,11,0,254.0,7.971014492753623,3.9855072463768115,92.02898550724638
2,0.0249494860757269,284,17,9,0,267.0,5.985915492957746,3.1690140845070425,94.01408450704226
3,0.0257736477601472,294,20,10,0,274.0,6.802721088435374,3.401360544217687,93.19727891156462
4,0.0291998128217126,312,33,15,0,279.0,10.576923076923077,4.8076923076923075,89.42307692307692
5,0.0330507565189398,308,21,25,0,287.0,6.818181818181818,8.116883116883116,93.18181818181819
6,0.0346109175377468,298,24,34,0,274.0,8.053691275167786,11.409395973154362,91.94630872483222
7,0.034241620448517,284,22,36,0,262.0,7.746478873239437,12.67605633802817,92.25352112676056
8,0.0303206997084548,260,21,45,0,239.0,8.076923076923077,17.307692307692307,91.92307692307692
9,0.0340742712631438,256,29,33,0,227.0,11.328125,12.890625,88.671875
10,0.0295066300322542,247,34,43,0,213.0,13.765182186234817,17.408906882591094,86.23481781376518
11,0.0301152559177097,243,32,36,0,211.0,13.168724279835391,14.814814814814815,86.83127572016461
12,0.0295259218186858,213,23,53,0,190.0,10.7981220657277,24.88262910798122,89.2018779342723
13,0.0303576379262545,219,37,31,0,182.0,16.894977168949772,14.155251141552512,83.10502283105023
14,0.0309141568263234,233,43,29,0,190.0,18.454935622317596,12.446351931330472,81.54506437768241
15,0.0309120976974939,243,47,37,0,196.0,19.34156378600823,15.22633744855967,80.65843621399176
16,0.0319727891156462,235,41,49,0,194.0,17.4468085106383,20.851063829787233,82.55319148936171
17,0.0328472755180353,214,30,51,0,184.0,14.018691588785046,23.83177570093458,85.98130841121495
18,0.0333383166392584,223,46,37,0,177.0,20.62780269058296,16.591928251121075,79.37219730941705
19,0.0355237078822991,233,49,39,0,184.0,21.030042918454935,16.738197424892704,78.96995708154506
20,0.0317176987505148,231,38,40,0,193.0,16.450216450216452,17.316017316017316,83.54978354978356
21,0.0291071194440802,222,36,45,0,186.0,16.216216216216218,20.27027027027027,83.78378378378379
22,0.0284285017081503,233,43,32,0,190.0,18.454935622317596,13.733905579399142,81.54506437768241
23,0.0267909831228608,227,33,39,0,194.0,14.537444933920705,17.180616740088105,85.46255506607929
24,0.0288849646821392,229,40,38,0,189.0,17.467248908296945,16.593886462882097,82.53275109170306
25,0.0249188687992582,215,34,48,0,181.0,15.813953488372093,22.325581395348838,84.18604651162791
26,0.028981790202616,226,44,33,0,182.0,19.469026548672566,14.601769911504425,80.53097345132744
27,0.0250455373406193,220,39,45,0,181.0,17.727272727272727,20.454545454545453,82.27272727272727
28,0.0282547801729387,232,49,37,0,183.0,21.120689655172413,15.948275862068966,78.87931034482759
29,0.0276923076923076,225,45,52,0,180.0,20.0,23.11111111111111,80.0
30,0.0310888052418792,223,45,47,0,178.0,20.179372197309416,21.076233183856502,79.82062780269058
31,0.0320765334833989,228,57,52,0,171.0,25.0,22.80701754385965,75.0
32,0.0331926044547969,228,53,53,0,175.0,23.24561403508772,23.24561403508772,76.75438596491227
33,0.0324919815925254,233,55,50,0,178.0,23.605150214592275,21.459227467811157,76.39484978540773
34,0.0315141097264002,220,47,60,0,173.0,21.363636363636363,27.272727272727273,78.63636363636364
35,0.0297301000137005,217,54,57,0,163.0,24.88479262672811,26.267281105990783,75.11520737327189
36,0.0309469480889903,217,46,46,0,171.0,21.19815668202765,21.19815668202765,78.80184331797236
37,0.0302000261472087,231,63,49,0,168.0,27.272727272727273,21.21212121212121,72.72727272727273
38,0.0279033716574086,216,50,65,0,166.0,23.14814814814815,30.09259259259259,76.85185185185185
39,0.0283018867924528,222,52,46,0,170.0,23.423423423423422,20.72072072072072,76.57657657657657
40,0.0266056181165697,215,46,53,0,169.0,21.3953488372093,24.651162790697676,78.6046511627907
41,0.0291929824561403,208,41,48,0,167.0,19.71153846153846,23.076923076923077,80.28846153846153
42,0.026417445482866,212,50,46,0,162.0,23.58490566037736,21.69811320754717,76.41509433962264
43,0.0248982523342111,208,49,53,0,159.0,23.557692307692307,25.48076923076923,76.4423076923077
44,0.0295183147725748,220,56,44,0,164.0,25.454545454545453,20.0,74.54545454545455
45,0.0275944811037792,230,54,44,0,176.0,23.47826086956522,19.130434782608695,76.52173913043478
46,0.026482440990213,230,59,59,0,171.0,25.652173913043477,25.652173913043477,74.34782608695652
47,0.0248250959151433,220,49,59,0,171.0,22.272727272727273,26.818181818181817,77.72727272727273
48,0.0271084337349397,216,71,75,0,145.0,32.870370370370374,34.72222222222222,67.12962962962963
49,0.0233033033033033,194,48,70,0,146.0,24.742268041237114,36.08247422680412,75.25773195876289
50,0.0243334497613226,209,67,52,0,142.0,32.057416267942585,24.880382775119617,67.94258373205741
51,0.02896379525593,232,80,57,0,152.0,34.48275862068966,24.56896551724138,65.51724137931035
52,0.0249876907927129,203,49,78,0,154.0,24.137931034482758,38.423645320197046,75.86206896551724
53,0.0218152123191787,187,47,63,0,140.0,25.13368983957219,33.68983957219251,74.8663101604278
54,0.0277174607229531,217,88,58,0,129.0,40.55299539170507,26.72811059907834,59.44700460829493
55,0.0272851296043656,220,64,61,0,156.0,29.09090909090909,27.727272727272727,70.9090909090909
56,0.025402201524132,210,64,74,0,146.0,30.476190476190474,35.23809523809524,69.52380952380952
57,0.0261013496307613,205,60,65,0,145.0,29.26829268292683,31.70731707317073,70.73170731707317
58,0.0229857819905213,194,54,65,0,140.0,27.835051546391753,33.50515463917526,72.16494845360825
59,0.0255613951266125,214,71,51,0,143.0,33.177570093457945,23.83177570093458,66.82242990654206
60,0.0247221592197777,218,72,68,0,146.0,33.027522935779814,31.192660550458715,66.97247706422019
61,0.0249404829384423,220,78,76,0,142.0,35.45454545454545,34.54545454545455,64.54545454545455
62,0.023405884283058,214,62,68,0,152.0,28.97196261682243,31.77570093457944,71.02803738317758
63,0.02184891270741,212,62,64,0,150.0,29.245283018867923,30.18867924528302,70.75471698113208
64,0.0219768881551795,213,58,57,0,155.0,27.230046948356808,26.760563380281692,72.7699530516432
65,0.0256231884057971,221,69,61,0,152.0,31.221719457013574,27.601809954751133,68.77828054298642
66,0.0229202905965414,224,65,62,0,159.0,29.017857142857142,27.678571428571427,70.98214285714286
67,0.0212104981253347,198,41,67,0,157.0,20.707070707070706,33.83838383838384,79.29292929292929
68,0.0203998782096823,201,51,48,0,150.0,25.37313432835821,23.880597014925375,74.6268656716418
69,0.0207844809209123,195,54,60,0,141.0,27.692307692307693,30.76923076923077,72.3076923076923
70,0.0194686676130602,192,53,56,0,139.0,27.604166666666668,29.166666666666668,72.39583333333333
71,0.0212444623439387,211,66,47,0,145.0,31.27962085308057,22.274881516587676,68.72037914691943
72,0.0212659744408945,213,63,61,0,150.0,29.577464788732396,28.63849765258216,70.4225352112676
73,0.0215799238355629,221,60,52,0,161.0,27.149321266968325,23.529411764705884,72.85067873303167
74,0.0184031158714703,189,42,74,0,147.0,22.22222222222222,39.15343915343915,77.77777777777777
75,0.0195253829978972,195,61,55,0,134.0,31.28205128205128,28.205128205128204,68.71794871794872
76,0.0205031695721077,207,68,56,0,139.0,32.85024154589372,27.053140096618357,67.14975845410628
77,0.0220783356331599,208,62,61,0,146.0,29.807692307692307,29.326923076923077,70.1923076923077
78,0.0205102551275637,205,63,66,0,142.0,30.73170731707317,32.19512195121951,69.26829268292683
79,0.0213066747450267,211,63,57,0,148.0,29.85781990521327,27.01421800947867,70.14218009478672
80,0.0214064219265779,214,62,59,0,152.0,28.97196261682243,27.570093457943926,71.02803738317758
81,0.0198255352894528,200,50,64,0,150.0,25.0,32.0,75.0
82,0.0198933942509042,209,65,56,0,144.0,31.10047846889952,26.794258373205743,68.89952153110048
83,0.0198218902614191,207,65,67,0,142.0,31.40096618357488,32.367149758454104,68.59903381642512
84,0.0213860587107838,212,63,58,0,149.0,29.71698113207547,27.358490566037737,70.28301886792453
85,0.0190428713858424,191,46,67,0,145.0,24.083769633507853,35.07853403141361,75.91623036649214
86,0.0183673469387755,189,48,50,0,141.0,25.396825396825395,26.455026455026456,74.60317460317461
87,0.0178282009724473,187,43,45,0,144.0,22.994652406417114,24.06417112299465,77.00534759358288
88,0.0200058840835539,204,61,44,0,143.0,29.901960784313726,21.568627450980394,70.09803921568627
89,0.0187094310805651,196,53,61,0,143.0,27.040816326530614,31.122448979591837,72.95918367346938
90,0.0200511106742677,204,54,46,0,150.0,26.470588235294116,22.54901960784314,73.52941176470588
91,0.0198389314476527,202,56,58,0,146.0,27.722772277227723,28.712871287128714,72.27722772277228
92,0.0172035460370402,196,46,52,0,150.0,23.46938775510204,26.53061224489796,76.53061224489795
93,0.0200573065902578,203,59,52,0,144.0,29.064039408866996,25.61576354679803,70.93596059113301
94,0.0205027106949236,208,57,52,0,151.0,27.403846153846153,25.0,72.59615384615384
95,0.0211555732960782,212,57,53,0,155.0,26.88679245283019,25.0,73.11320754716981
96,0.0197158596694694,204,55,63,0,149.0,26.96078431372549,30.88235294117647,73.03921568627452
97,0.017986245812026,204,52,52,0,152.0,25.49019607843137,25.49019607843137,74.50980392156863
98,0.0184550487740574,210,49,43,0,161.0,23.333333333333332,20.476190476190474,76.66666666666667
99,0.0175547477613263,198,43,55,0,155.0,21.717171717171716,27.77777777777778,78.28282828282828
100,0.0168261299901022,204,43,37,0,161.0,21.07843137254902,18.137254901960784,78.92156862745098
101,0.0189416978017203,218,63,49,0,155.0,28.89908256880734,22.477064220183486,71.10091743119266
